5852
4372
3913
2888
1679
1013
1103
8966
9729
5223
1457
8605
7650
3659
1560
9354
6313
2194
8775
9937
383
57
2842
3106
4926
1373
2192
1351
4036
5028
4974
191
5900
4542
386
3854
7665
8871
9853
1361
9115
4020
7373
8690
2558
8070
4508
8298
2075
8623
5230
1154
5660
3835
8896
5817
1256
5960
6652
8800
6737
3397
5093
2070
6314
6242
9040
4873
8936
5400
3299
3919
8844
2385
9368
2697
5483
1084
7392
9566
4354
5545
9068
8773
8066
1674
4116
5603
9956
5668
1499
3818
3393
1876
4070
1139
6257
2321
559
6409
6070
4778
8654
4878
3272
9493
472
6413
7657
8626
7342
6228
7881
7845
3791
2106
476
3773
8596
8936
3445
8093
8293
8021
8868
9983
5169
95
4110
6307
8684
6934
5747
330
7159
6804
7744
3136
7618
1254
8806
5285
2964
6706
7568
9097
9037
3674
9178
2260
983
6440
7440
5780
7655
869
4144
9773
7758
509
2328
9556
7211
1280
7642
3944
1146
8781
3595
5574
8880
8326
2225
6202
5709
2635
6058
9211
3605
1548
8757
1119
6546
2326
4245
1750
8935
7916
8070
3950
3759
5368
5175
5598
3291
3428
3760
1048
5056
9127
5576
3101
6578
3828
812
8915
6021
7861
6804
8801
620
56
4987
2506
9685
6486
7478
5043
7340
7135
4558
9967
3657
626
3093
83
54
22
384
8677
353
7979
2899
4716
4048
1878
9218
2854
1774
8068
5355
6407
4116
6081
221
1437
3897
4298
4556
570
2090
8504
211
6264
5608
2306
7566
4526
2801
6256
3380
7325
5535
8281
5212
2069
8366
1004
8186
4704
5456
5462
6751
9244
327
2205
3134
7341
4222
9724
5970
1096
6675
2422
2338
759
832
2273
8036
2963
236
1238
988
5973
2567
242
5992
3564
9848
96
5691
4741
3322
8121
9174
6392
1455
459
8786
1374
831
1243
1598
921
5575
4245
386
6763
6851
1157
1840
3018
8998
5119
9396
857
1610
8054
2869
6100
4747
3638
8631
949
8867
3945
4752
8945
661
3344
2695
3364
8306
8017
1196
4147
3641
2371
805
9869
6663
6455
1346
2311
6266
8250
2371
8149
3682
6360
141
7212
3544
9729
1959
7530
8970
2806
2144
7794
8778
5004
9100
9895
4346
7367
7079
3621
7284
1414
9597
7894
3631
3570
1252
7476
6345
1576
4084
5863
5371
3772
6674
4864
6294
1325
7361
2168
910
327
2970
7401
5219
7960
6565
4599
5595
2304
6821
3170
3278
1922
805
6609
4133
4118
8542
8441
584
8233
1602
6803
4917
8760
7240
1560
7489
6088
6491
2382
7838
1862
2397
4551
6369
9137
4549
5333
7266
3744
610
6391
5228
9920
4809
4
8734
4588
9470
547
175
3694
3769
8248
371
944
8099
996
183
2001
4924
4580
553
7292
6534
6354
3623
5664
4776
130
4849
6793
7020
1509
8662
1990
3502
5042
8208
9669
3367
5562
4582
2197
5287
444
8330
7909
1572
2434
936
464
1147
4777
3424
1981
5446
4561
1435
8015
5263
6950
5756
8301
3926
3288
6833
2778
7509
233
1520
786
9131
4253
9708
8792
7929
2057
9329
4111
7711
4936
5982
9460
828
7638
9457
8341
5595
3635
3130
4920
5428
1077
8333
9594
547
2475
1752
2880
8895
3552
5901
9371
550
5956
207
3540
2307
2733
4387
2073
861
6498
4328
7076
7400
8722
8007
5653
7970
435
2164
7660
4578
9647
8918
7322
1583
4550
3557
6056
7147
1719
2669
9084
5199
6644
5489
1990
1342
7177
7215
9876
3553
7337
8091
6381
1258
96
3318
9909
4496
9552
8630
7817
5560
5285
3463
5265
2705
6394
4603
1252
9359
4164
5042
1774
3932
241
7684
7736
3021
6577
7367
3972
8180
2390
6819
1769
3770
3582
6450
6985
7617
1346
9749
7088
24
906
8945
9397
2969
407
1569
8353
4404
2039
1589
4216
5448
4901
216
3417
5889
9456
3506
3494
9304
222
8926
8719
6935
382
9128
7073
8116
3444
9049
8760
5801
8661
5676
1363
4253
7447
1380
6113
2310
2758
4344
203
8431
2704
5084
6208
4996
1969
8350
2514
1767
8657
4421
2227
8441
3289
6085
5818
2924
4242
7835
7957
3698
5354
4289
2850
2679
8979
7097
9328
1405
2417
5703
3565
9334
7642
9861
7497
8379
9474
4089
4878
7813
550
8178
8802
5888
8817
9154
1724
6263
709
4361
5008
5229
799
2834
4711
317
7129
5998
9713
2768
6345
9749
7832
5300
7951
1620
8697
1480
4212
5475
4160
8568
7383
237
8962
6086
8368
6220
7085
9789
4024
5384
7113
3036
3365
8969
432
4809
3140
8108
9885
3299
5611
5257
4301
8395
9558
5123
6938
2462
8853
4041
1748
3015
4626
2006
9498
1392
4952
4719
9918
368
2455
9187
5312
5458
4292
4019
5350
9154
8601
96
8750
9740
7843
636
4432
6568
4242
7400
8040
3027
4755
8320
5034
9141
527
503
5968
128
471
7976
1458
8627
7950
1456
791
1376
2001
3279
6263
752
6349
1473
8147
8826
1477
9494
8435
5603
3069
7175
3001
4274
8747
4503
4647
9333
3235
6167
8781
3828
3648
8535
9096
9
3202
9131
9892
6053
5077
2675
381
7600
4871
8393
3334
2342
4984
5138
3805
648
5253
5001
7612
3558
8230
9194
3487
9016
1284
326
9597
6218
4378
4587
3118
6428
4056
3477
3002
897
9086
1222
6843
3972
9360
790
2745
4848
4881
1210
1459
5228
9254
6126
5603
1925
8876
6639
570
7958
3411
6113
9915
8897
9575
9781
1390
1453
9342
5124
4834
5822
9473
440
2601
2371
4100
5026
5811
9161
8486
7994
3403
9999
8980
2910
1798
3447
640
600
1495
8345
4057
2425
6063
2380
4770
7132
9481
4787
7594
4804
2958
4729
5919
3638
4460
7754
431
3573
2061
4136
1408
5507
5725
5383
8790
4496
9368
2104
6693
1305
1118
9298
4788
6127
9534
1211
2039
9391
7462
8690
2741
3461
3388
8680
8974
4203
5440
327
5819
9115
8692
9052
592
1790
3464
4740
6343
418
656
5943
3805
2723
1003
